1	//load from address
0
14	//Copy the value in the AC to X
4	//Loads (address+x) to AC
17
21	//Jump if AC = 0 
12
9	//If port=2, write AC as a char
2
25	//Increment X 
20	//Jump to address 
3
1	//loads new line
10
9
2
50	//end

//Data print hello world in 3d using ascii code
10 
72
32
72
32
69
69
69
69
32
76
32
32
32
32
76
32
32
32
32
79
79
79
32
32
87
32
32
32
32
32
87
32
32
79
79
79
32
32
82
82
82
82
32
32
76
32
32
32
32
68
68
68

10
72
32
72
32
69
32
32
32
32
76
32
32
32
32
76
32
32
32
79
32
32
32
79
32
87
32
32
32
32
32
87
32
79
32
32
32
79
32
82
32
32
32
82
32
76
32
32
32
32
68
32
32
68

10
72
72
72
32
69
69
69
32
32
76
32
32
32
32
76
32
32
32
79
32
32
32
79
32
87
32
32
87
32
32
87
32
79
32
32
32
79
32
82
82
82
82
32
32
76
32
32
32
32
68
32
32
68

10
72
32
72
32
69
32
32
32
32
76
32
32
32
32
76
32
32
32
79
32
32
32
79
32
32
87
32
87
32
87
32
32
79
32
32
32
79
32
82
32
82
32
32
32
76
32
32
32
32
68
32
32
68

10
72
32
72
32
69
69
69
69
32
76
76
76
76
32
76
76
76
76
32
79
79
79
32
32
32
32
87
32
87
32
32
32
32
79
79
79
32
32
82
32
32
82
82
32
76
76
76
76
32
68
68
68
10
0

.1000
30
